0,0.24,0.22,0.37,0.34,0.23
0.24,0,0.15,0.20,0.14,0.25
0.22,0.15,0,0.15,0.28,0.11
0.37,0.20,0.15,0,0.29,0.22
0.34,0.14,0.28,0.29,0,0.39
0.23,0.25,0.11,0.22,0.39,0